100,2.86745548248291
200,2.0209057331085205
300,1.4898489713668823
400,1.5016467571258545
500,1.356335163116455
600,0.8767480254173279
700,0.5677756667137146
800,0.45861539244651794
900,0.2704199552536011
1000,0.15056447684764862
1100,0.1790386587381363
1200,0.11593165993690491
1300,0.07396432012319565
1400,0.05515345185995102
1500,0.057490166276693344
1600,0.04032696783542633
1700,0.050021953880786896
1800,0.09620329737663269
1900,0.0657493993639946
2000,0.02195967733860016
2100,0.01864621601998806
2200,0.015597332268953323
2300,0.014262225478887558
2400,0.01297085639089346
2500,0.0111790606752038
2600,0.009835013188421726
2700,0.00911699514836073
2800,0.0077623482793569565
2900,0.007696549873799086
3000,0.006811923813074827
